ID: 1, Position: [[1273.3334229758773, 537.6982491238572], [1308.1889493019885, 596.5114777847316]]
ID: 2, Position: [[1694.2497150475428, 507.5736616495657], [1731.348903323152, 597.2767170082857]]
ID: 3, Position: [[1584.3890274634107, 541.1713381180225], [1633.2558331706898, 605.5599465942992]]
