ID: 1, Position: [[1130.1378739626462, 564.6136193517813], [1167.0930357003904, 622.6397856777353]]
ID: 2, Position: [[1657.1253679213473, 517.6432807363857], [1726.257539155181, 686.5739423239518]]
ID: 3, Position: [[1443.9870027037805, 511.4189828974246], [1534.1259381338393, 699.2808192665758]]
