ID: 1, Position: [[1104.8714738761255, 567.3713601793265], [1139.4904267960908, 622.1137620372721]]
ID: 2, Position: [[1628.6249356387377, 526.9004182106753], [1711.7348402225966, 715.3075610436339]]
ID: 3, Position: [[1385.181335400141, 521.9474760320976], [1476.0415172763953, 725.7461949963559]]
