ID: 1, Position: [[1250.034254851037, 540.0966435864465], [1283.3925823591405, 603.8826207613624]]
ID: 2, Position: [[1695.0115052520516, 507.47316942386936], [1737.3930121019482, 607.5102643767185]]
ID: 3, Position: [[1575.4299147532165, 523.7376081675158], [1635.4498358938727, 618.0293003434147]]
ID: 6, Position: [[583.5605825882416, 571.8686416545977], [600.9389294726528, 613.7762252799347]]
