ID: 1, Position: [[1126.299034632518, 564.901590822556], [1164.6011742344617, 622.1792244533686]]
ID: 2, Position: [[1650.6008442982586, 519.8757678171287], [1719.378450185965, 689.3288655534376]]
ID: 3, Position: [[1434.7950804669604, 512.0266741307196], [1523.5379385529156, 701.3313172076635]]
