ID: 1, Position: [[1194.6384445324597, 563.8701823444408], [1232.2324405456202, 622.7998398849455]]
ID: 2, Position: [[1698.5727051203935, 519.2690448229544], [1742.5472406722608, 637.2559901525791]]
ID: 3, Position: [[1552.7823681105233, 575.3464048398721], [1620.2539486638755, 657.2958970385127]]
ID: 4, Position: [[1648.8825257188043, 533.6291193313546], [1681.7389348368213, 598.6103782144054]]
