ID: 1, Position: [[1122.4056603837332, 565.6518529423677], [1161.915503676355, 622.742478707351]]
ID: 2, Position: [[1647.6564807095303, 520.2356597753001], [1712.402602090341, 690.7208351891322]]
ID: 3, Position: [[1428.0421420149278, 513.3500490438821], [1513.2966229481174, 703.154079332846]]
