ID: 1, Position: [[1168.178492347745, 563.5391289693717], [1201.455150489366, 622.0624003374144]]
ID: 2, Position: [[1682.504517621195, 520.413588891069], [1736.2129964549927, 651.0204985674436]]
ID: 3, Position: [[1510.832557517694, 552.1485308998152], [1588.305596617684, 672.1003706170935]]
ID: 4, Position: [[1724.7769918325635, 526.0847413313118], [1761.4934692805002, 595.9766796360257]]
