ID: 1, Position: [[1119.3002013393093, 567.4255069627906], [1157.2530343779206, 622.5780427639671]]
ID: 2, Position: [[1643.1923208628912, 520.7298603922559], [1711.8475564309224, 695.132272352973]]
ID: 3, Position: [[1418.8337792713185, 513.7561521618202], [1505.9456597141216, 706.1795943876086]]
