ID: 1, Position: [[1104.0355104166138, 567.4789433549078], [1138.2665935411817, 623.051319067112]]
ID: 2, Position: [[1627.064786481345, 527.1613797892051], [1714.6647577226051, 716.8438435089286]]
ID: 3, Position: [[1382.1679561128415, 522.522501655218], [1474.824789844325, 726.550634173708]]
