ID: 1, Position: [[1102.549121650894, 567.0916654969034], [1137.439330884226, 623.605758990023]]
ID: 2, Position: [[1625.2528974158993, 527.8846539880825], [1714.6153143898389, 719.2488380257863]]
ID: 3, Position: [[1379.6677687844826, 522.8047941572388], [1474.1147558095845, 728.1488932655566]]
