ID: 1, Position: [[1265.2605950709099, 538.765559327914], [1294.6184453366038, 601.0577799625369]]
ID: 2, Position: [[1695.0244449801148, 507.4439818134073], [1736.2248863035313, 604.6936463085225]]
ID: 3, Position: [[1580.1006064824699, 526.6667174540304], [1631.210918894122, 614.6221004815241]]
ID: 6, Position: [[582.1070320787343, 572.1612705306362], [599.868946694942, 614.2693418177083]]
