ID: 1, Position: [[1170.4684174469983, 563.2249591596758], [1204.7241605421734, 621.9552489766694]]
ID: 2, Position: [[1685.8754772428383, 520.6999248250279], [1736.8508393879495, 649.3232351406043]]
ID: 3, Position: [[1516.602443918616, 558.9536651852719], [1592.3220869213637, 670.2407264970082]]
ID: 4, Position: [[1727.21307013336, 525.0441493835197], [1762.4479760120846, 595.8851748063516]]
