ID: 1, Position: [[1081.8550887968775, 567.6352710905684], [1118.5145006928587, 628.6670217344926]]
ID: 2, Position: [[1636.8918198029046, 531.3130808384451], [1737.9651753886092, 740.3684450369818]]
ID: 3, Position: [[1342.6327608207966, 525.2577221344745], [1447.804271505153, 758.0409137485889]]
