ID: 1, Position: [[1137.9612185542032, 566.4732154651134], [1172.4912334786668, 624.295477227576]]
ID: 2, Position: [[1669.9406749763273, 520.121198720807], [1729.4388334400965, 675.5254561548327]]
ID: 3, Position: [[1464.8127801814474, 511.79139535189717], [1544.120576279116, 696.9158611737344]]
