ID: 1, Position: [[1089.881503390231, 567.0537539723848], [1128.9440524644087, 625.3804998121514]]
ID: 2, Position: [[1631.3788405407208, 530.6257497841452], [1721.1178102671506, 727.3988890676363]]
ID: 3, Position: [[1369.1790031691523, 522.8226317863189], [1478.672528951665, 736.613201414335]]
