ID: 1, Position: [[1152.3803317051643, 566.0862744012207], [1187.7188200031387, 623.8067537043946]]
ID: 2, Position: [[1674.4400440948195, 519.018877504413], [1731.8828796309813, 663.9247977971419]]
ID: 3, Position: [[1487.9224789268685, 528.3644896122867], [1565.3811887306665, 685.7804087712228]]
ID: 4, Position: [[1720.9275160399018, 525.8483969603101], [1763.2487498623996, 598.6275892001845]]
