ID: 1, Position: [[1109.5399324964185, 570.8019050339983], [1144.8811454224458, 623.7996194938052]]
ID: 2, Position: [[1631.0558813514513, 525.1401042512124], [1710.397812223173, 707.0063835978351]]
ID: 3, Position: [[1390.1828226708378, 519.4035700341923], [1482.936332131493, 722.4760415625789]]
