ID: 1, Position: [[1108.3774733384341, 569.4426630945118], [1143.5502936553473, 623.794896284876]]
ID: 2, Position: [[1631.6302382466797, 525.6488698430469], [1709.822567050843, 707.7998281516662]]
ID: 3, Position: [[1388.563978659914, 520.060513383374], [1481.5529586573073, 723.7339337861981]]
