ID: 1, Position: [[1274.3785883660885, 537.8036647754582], [1310.01128345945, 596.2005649358653]]
ID: 2, Position: [[1693.856802432891, 507.5851389852387], [1731.0132562218537, 595.5687735348365]]
ID: 3, Position: [[1584.8021760572835, 544.8602406439813], [1632.9386170085386, 604.4755008241442]]
