ID: 1, Position: [[1080.2508390983216, 568.7249367015047], [1116.8860970356177, 629.0638050704756]]
ID: 2, Position: [[1635.4319523420897, 532.2206889459642], [1737.8833776737893, 744.0012016179313]]
ID: 3, Position: [[1338.1805069891727, 525.5709034262861], [1443.8963014306598, 760.0563137793445]]
