ID: 1, Position: [[1149.356032933739, 565.9825934282452], [1184.550877282116, 624.0978431017463]]
ID: 2, Position: [[1674.3614417111876, 518.9678947595089], [1731.974918185337, 665.5605959220915]]
ID: 3, Position: [[1484.5804069320716, 525.2114106549752], [1562.5363855191256, 687.7956440920598]]
ID: 4, Position: [[1720.4982835750284, 525.6271072509833], [1763.9554259425356, 598.7284352999216]]
