ID: 1, Position: [[1136.5711567776161, 566.285008619574], [1170.9264996209995, 624.0004031687218]]
ID: 2, Position: [[1666.7985841032819, 519.8071377630479], [1727.70457502071, 677.0600577395248]]
ID: 3, Position: [[1460.4682794549565, 511.12678688007327], [1541.7492593340846, 697.5788410668242]]
