ID: 1, Position: [[1113.6021571263761, 570.2786400413665], [1153.1051711168711, 622.9923949165219]]
ID: 2, Position: [[1634.9920379794917, 521.7967942154345], [1715.401829097543, 699.9657137805486]]
ID: 3, Position: [[1405.131877562832, 515.5947257875949], [1498.0430562968509, 711.7866421832623]]
