ID: 1, Position: [[1262.4187452008564, 538.4630057959647], [1292.1648691392163, 602.0452692912106]]
ID: 2, Position: [[1695.0833107623153, 507.9375534632181], [1736.0735932099083, 605.0586670703286]]
ID: 3, Position: [[1579.3814025796694, 528.5365579178966], [1630.8235153684957, 615.3025390417874]]
ID: 6, Position: [[582.4610554396617, 572.1189566315667], [600.117818261649, 614.1843762098209]]
