ID: 1, Position: [[1166.2867991542314, 564.2993266443073], [1200.2838114057918, 622.3179825859461]]
ID: 2, Position: [[1680.0715748108003, 518.4027032811183], [1736.9798251135167, 653.7799020298354]]
ID: 3, Position: [[1506.1959602148756, 548.7288503142986], [1585.8984115289875, 674.4303961000592]]
ID: 4, Position: [[1723.6671901087896, 525.8864386606775], [1762.6627895982053, 596.5436741126638]]
