ID: 1, Position: [[1121.1573662045596, 566.0086701643468], [1159.6156642193737, 622.467203179534]]
ID: 2, Position: [[1645.5501114901083, 520.2504453294722], [1713.602215446271, 693.1355914617859]]
ID: 3, Position: [[1423.386144727419, 513.524026406206], [1510.8477442427347, 704.819948525403]]
