ID: 1, Position: [[1206.3956005829152, 559.2777428366987], [1245.4371418555766, 619.8648257752045]]
ID: 2, Position: [[1698.2619214721656, 516.7942362710259], [1742.8340301581072, 630.2634723453336]]
ID: 3, Position: [[1559.5243179674858, 574.5919711584967], [1626.0487086375674, 648.5328119561744]]
ID: 5, Position: [[1842.955063399064, 514.7480188407687], [1888.8772711555775, 585.0915512861664]]
