ID: 1, Position: [[1156.9038374409108, 565.863992605014], [1192.074386708662, 622.6994013578212]]
ID: 2, Position: [[1673.956016791196, 518.7608022751458], [1730.6309716723963, 660.9999042703053]]
ID: 3, Position: [[1493.5517635712545, 536.7288022044165], [1568.6967920171014, 680.6343867511919]]
ID: 4, Position: [[1721.3305989857904, 525.79167106209], [1761.1849736861338, 598.3101066376516]]
