ID: 1, Position: [[1140.9773473142548, 566.6392530785896], [1175.3420329283076, 624.3121804485046]]
ID: 2, Position: [[1673.705909338956, 521.0903938005753], [1732.8286433594435, 671.3208871758508]]
ID: 3, Position: [[1471.6483254396442, 513.2193143088397], [1550.5970990592887, 694.7935328637979]]
ID: 4, Position: [[1720.5954740047903, 526.0278608802367], [1764.3726049121715, 602.6744358531519]]
