ID: 1, Position: [[1183.4733275427923, 564.3508692636916], [1221.768309260838, 623.5823212068935]]
ID: 2, Position: [[1695.0996628759985, 520.4247605562596], [1742.1359947862197, 641.965479613487]]
ID: 3, Position: [[1542.863942361246, 572.852085432454], [1614.6478208907756, 663.777685152381]]
ID: 4, Position: [[1726.1264520545205, 522.6704726118487], [1762.4743961598842, 592.0980784954088]]
