ID: 1, Position: [[1131.6187334526078, 565.0612454454274], [1168.5436768907007, 623.0772230966178]]
ID: 2, Position: [[1659.413987382257, 517.7819817864786], [1725.8010537256073, 683.4921263248339]]
ID: 3, Position: [[1448.0902581013925, 510.93879751701905], [1535.9270802342887, 699.0442995992297]]
