ID: 1, Position: [[1266.2772547174445, 538.3133214643082], [1296.3674533298165, 600.5337283604591]]
ID: 2, Position: [[1695.3677925459642, 507.6183444190683], [1734.9619350669338, 604.0696783797192]]
ID: 3, Position: [[1580.8897699271997, 527.7471103095224], [1630.5949580240658, 613.2532962650823]]
ID: 6, Position: [[581.3623008295169, 572.248132795279], [599.0209458406516, 614.4233469931718]]
