ID: 1, Position: [[1107.0179772520403, 568.3245798545856], [1142.0161396577007, 623.1892092138131]]
ID: 2, Position: [[1631.1543215570277, 526.246806995819], [1710.243811662758, 710.5358856072058]]
ID: 3, Position: [[1387.5639006010847, 520.4849234051111], [1479.774820616476, 723.839552413036]]
