ID: 1, Position: [[1178.3389174268336, 564.1300322907446], [1211.419969141731, 622.3572330082441]]
ID: 2, Position: [[1693.3979661627593, 520.0534018308978], [1743.381919673077, 647.2093846511812]]
ID: 3, Position: [[1533.3837535489913, 573.3367950100061], [1607.8932213273204, 668.4577616408778]]
ID: 4, Position: [[1730.7081643279382, 523.4589419648013], [1767.4983360058038, 595.2333133881099]]
