ID: 1, Position: [[1082.5963016222654, 566.7862653494255], [1118.8972888929627, 627.8121804225071]]
ID: 2, Position: [[1637.5584430674492, 530.9807521759668], [1734.5476248318616, 736.0414804874329]]
ID: 3, Position: [[1346.4442523046825, 525.0378592447139], [1450.4482953281895, 754.1013866116691]]
