ID: 1, Position: [[1198.6233199424594, 562.8428409838292], [1235.6509641097725, 622.0280470102623]]
ID: 2, Position: [[1698.1864374854358, 518.560957011539], [1742.2723564584037, 634.6261422281641]]
ID: 3, Position: [[1555.0148418219096, 576.3479904349373], [1621.978809294895, 654.5511957481513]]
ID: 4, Position: [[1634.0626498124132, 534.9718394992018], [1665.958318238431, 598.8002898217999]]
