ID: 1, Position: [[1176.12792054323, 564.1251150861434], [1209.161212644509, 622.4979898011856]]
ID: 2, Position: [[1691.2277629136063, 520.4122420688424], [1742.645125356398, 648.0866970298398]]
ID: 3, Position: [[1528.4132226823815, 570.8920736987262], [1604.7026073475265, 669.781620461852]]
ID: 4, Position: [[1727.318046962142, 523.4691919954226], [1766.254739042427, 599.2122753673576]]
