ID: 1, Position: [[1182.7632855223853, 564.2639586870175], [1219.9023796354863, 623.8238233778358]]
ID: 2, Position: [[1693.032776203011, 519.6565847552655], [1742.2617358720156, 643.3999357671606]]
ID: 3, Position: [[1539.4152547125168, 576.8908728347526], [1612.3396569723127, 665.3650793005418]]
ID: 4, Position: [[1726.736376276313, 522.6312985759625], [1763.8183577720645, 593.0480748892488]]
