ID: 1, Position: [[1159.9815914978674, 565.4356994634234], [1195.1913066061077, 622.2242152780593]]
ID: 2, Position: [[1675.2303544483232, 517.6690869443261], [1732.4992561897689, 658.7212303719904]]
ID: 3, Position: [[1497.4314489106484, 539.9987200547778], [1574.047008161195, 678.6941922600815]]
ID: 4, Position: [[1721.566969313078, 525.5247767575545], [1760.6420383659545, 597.4043219788762]]
