ID: 1, Position: [[1199.1177757950823, 561.8433632810543], [1240.1086250334595, 621.63586626863]]
ID: 2, Position: [[1696.6910818423344, 517.6254894377544], [1741.1733071536135, 633.1289774316577]]
ID: 3, Position: [[1556.584338075036, 576.1719290508647], [1622.7080383065927, 652.3129549188135]]
