ID: 1, Position: [[1215.083592903716, 556.6451694014733], [1248.0679644717754, 617.9508801286969]]
ID: 2, Position: [[1699.0495331426623, 518.0564187283506], [1741.5768935323415, 625.5012155433499]]
ID: 3, Position: [[1561.635876492923, 550.6340900650297], [1629.4006185044163, 644.6736077238605]]
ID: 5, Position: [[1845.451078211946, 516.6872753549045], [1888.355924955362, 585.4026370067799]]
