ID: 1, Position: [[1173.078214493081, 563.1790620752726], [1207.8011329877024, 622.2579162841406]]
ID: 2, Position: [[1687.3592744280784, 520.9566277861904], [1740.6622721553615, 648.8671590319175]]
ID: 3, Position: [[1522.553514952391, 566.3609366271725], [1599.6315638059682, 669.7956852975391]]
ID: 4, Position: [[1723.271001577038, 523.6416593839356], [1764.012182163636, 602.498028695757]]
