ID: 1, Position: [[1139.9876633073907, 566.6912073415712], [1173.9207286826324, 624.2109143496905]]
ID: 2, Position: [[1672.005551167176, 520.1598950304633], [1730.2979578217219, 673.2434113649928]]
ID: 3, Position: [[1468.2862372756645, 512.5858564009981], [1546.4457818632338, 695.7962649535373]]
ID: 4, Position: [[1720.6118610921856, 526.0990213491525], [1764.5107836681998, 603.2370069774885]]
