ID: 1, Position: [[1189.0655418825256, 564.2502852805642], [1227.9343873555083, 622.7916275346339]]
ID: 2, Position: [[1696.652009654792, 520.6209610230328], [1744.3183402629954, 640.3854807487784]]
ID: 3, Position: [[1547.74081437232, 574.783182270328], [1619.176222216849, 661.5260116393332]]
ID: 4, Position: [[1687.8372367721286, 528.1971101229004], [1723.6584195575235, 595.3857123360611]]
