ID: 1, Position: [[1086.7367489750702, 567.0003891084127], [1123.4233161790478, 627.1705739159133]]
ID: 2, Position: [[1639.054440893698, 532.0168578147319], [1730.8894673145799, 730.2379395571933]]
ID: 3, Position: [[1354.2013341742263, 523.0158574705212], [1480.3939259640185, 748.1235698867363]]
