ID: 1, Position: [[1146.664452765057, 565.8354664366017], [1181.9448040904738, 623.909621365178]]
ID: 2, Position: [[1674.7261490787585, 519.4856290471737], [1732.5768505874041, 666.7133175998144]]
ID: 3, Position: [[1481.8490244588781, 522.0800760543713], [1559.8055398883962, 689.2900413485816]]
ID: 4, Position: [[1720.8018842823851, 525.6876068974395], [1763.456399528469, 598.8680045743931]]
