ID: 1, Position: [[1095.2604035443117, 566.5696940876174], [1134.2517106587345, 624.4478862777212]]
ID: 2, Position: [[1627.6221262916886, 528.1548427562766], [1718.1836539388612, 726.4709132708557]]
ID: 3, Position: [[1377.121060416532, 522.5446676227228], [1473.8367476020871, 731.4391221914199]]
