ID: 1, Position: [[1123.5781912418265, 565.054529533502], [1163.315787863681, 622.6441705434767]]
ID: 2, Position: [[1648.9290845772289, 519.875470256977], [1717.470879938354, 690.0384574841978]]
ID: 3, Position: [[1431.9462318651533, 512.6703451823277], [1519.8390029354482, 702.3042849476259]]
