ID: 1, Position: [[1117.2032709634423, 568.6332658262388], [1156.023630358036, 622.7038319286128]]
ID: 2, Position: [[1640.6626102266753, 520.7959261630241], [1715.5374124949462, 697.5930601074267]]
ID: 3, Position: [[1413.341047869934, 514.0399631864268], [1505.427323545883, 707.8872335538774]]
