ID: 1, Position: [[1267.241579966283, 537.810835775817], [1298.4871238061917, 599.4818487119626]]
ID: 2, Position: [[1695.661234109632, 507.8729667928094], [1733.9431770806732, 602.048267146058]]
ID: 3, Position: [[1581.80359081255, 534.8954728372177], [1630.7126259117097, 611.1867642005914]]
ID: 6, Position: [[580.9680303798268, 572.1783474583207], [599.0523050861057, 614.1708177263444]]
