ID: 1, Position: [[1085.5769564392979, 566.663458133359], [1120.835386349546, 626.950244393235]]
ID: 2, Position: [[1639.0757215818805, 531.1840036257629], [1733.8018682712518, 732.4683803931474]]
ID: 3, Position: [[1350.7317777384244, 523.4678104639389], [1467.9673330591681, 750.8706990831478]]
