ID: 1, Position: [[1225.6927130550878, 551.1143137646641], [1261.5234186282898, 612.1823845911051]]
ID: 2, Position: [[1697.93761528051, 512.8757717713466], [1739.9321100397676, 616.4326246125974]]
ID: 3, Position: [[1566.7129396837963, 520.3343549610823], [1636.6530578614818, 634.4424903874144]]
ID: 5, Position: [[1839.8155519223415, 508.6843281482415], [1883.5590201938699, 581.1426642666453]]
