ID: 1, Position: [[1089.837644416826, 567.0489627545232], [1127.3601889818592, 626.0894361027965]]
ID: 2, Position: [[1633.6304185929844, 531.100599651353], [1719.5747199919208, 727.026624074885]]
ID: 3, Position: [[1366.5656542580364, 522.8854274023414], [1480.6280036966057, 738.5258060728385]]
