ID: 1, Position: [[1090.5536461873521, 567.216275451471], [1131.078519717897, 625.93485027938]]
ID: 2, Position: [[1630.6641028357396, 529.420635045369], [1717.676615686347, 728.0379589433907]]
ID: 3, Position: [[1372.7436160295185, 522.7548032716026], [1474.7518553279635, 735.5981211125113]]
