ID: 1, Position: [[1269.0635159569247, 537.9881470641135], [1300.876960640346, 598.9085499414788]]
ID: 2, Position: [[1695.4540654083492, 507.89558479736587], [1732.6009888822502, 601.514875848342]]
ID: 3, Position: [[1582.714503413308, 537.8181122272844], [1632.2228292293696, 609.648383220388]]
