ID: 1, Position: [[1089.4626601226848, 567.0901262527808], [1125.9558997882534, 626.0070852455783]]
ID: 2, Position: [[1636.875169540269, 532.2140744823395], [1722.298518181207, 726.7583203864774]]
ID: 3, Position: [[1364.4983047442274, 522.8087397938891], [1483.7324873747614, 740.6695063914311]]
