ID: 1, Position: [[1134.8747906001374, 566.1448940237142], [1169.806219724552, 623.6434831887817]]
ID: 2, Position: [[1664.967475434923, 517.2861052823051], [1725.0961566563135, 679.8784253730909]]
ID: 3, Position: [[1456.539979988148, 510.90457460796597], [1538.440129962427, 698.5121839615127]]
