ID: 1, Position: [[1162.8739643709994, 564.6499917931603], [1198.6867992789937, 622.2392782943292]]
ID: 2, Position: [[1677.7415577498696, 517.7146688028951], [1732.9628978778935, 655.409575354615]]
ID: 3, Position: [[1502.1022589251234, 543.8467435994103], [1578.8157469351977, 676.2135010781783]]
ID: 4, Position: [[1722.8123818881736, 525.3700086123051], [1760.736620784372, 596.7972313762884]]
