ID: 1, Position: [[1271.89237557994, 537.851396148106], [1306.211344113495, 596.9636842567137]]
ID: 2, Position: [[1694.4110872551614, 507.7806164436253], [1731.7369254255548, 598.9279476683378]]
ID: 3, Position: [[1583.4493529984402, 538.9148731104907], [1633.1346990850493, 606.9160922985686]]
