ID: 1, Position: [[1259.4415236257544, 538.3696945307231], [1290.0643917991636, 603.4720625952253]]
ID: 2, Position: [[1694.9304923321654, 507.65354997156925], [1736.0347006358224, 605.3488722860778]]
ID: 3, Position: [[1578.5910127243021, 525.0256979285479], [1631.8271228715173, 616.361089483226]]
ID: 6, Position: [[582.5998085685862, 572.0858358054556], [599.8006598870833, 614.3914633877571]]
