ID: 1, Position: [[1143.7767124247284, 566.2744554858828], [1178.079445684458, 623.9189157023392]]
ID: 2, Position: [[1674.9630747164401, 519.9202372819634], [1733.6607679032968, 670.5015720734061]]
ID: 3, Position: [[1476.6908888200674, 516.37984763829], [1555.8983539806136, 692.4606121837412]]
ID: 4, Position: [[1720.1759182374249, 525.6969986081733], [1763.3553081233574, 600.7073349574728]]
