ID: 1, Position: [[1111.8780596226184, 571.580685094753], [1149.9273751462893, 623.7540879981202]]
ID: 2, Position: [[1634.7363117093953, 522.5941774960072], [1711.2675912590512, 700.1967765848867]]
ID: 3, Position: [[1399.2071283407981, 515.4801596558813], [1489.5846013016633, 716.6252978074222]]
