ID: 1, Position: [[1191.9772705371272, 564.4320442935218], [1230.7091623797035, 622.957727362492]]
ID: 2, Position: [[1697.3294569527104, 520.1642355728314], [1744.22607753977, 639.1973337133842]]
ID: 3, Position: [[1550.1814324695831, 575.7723074065249], [1620.7768639008864, 659.7510696968277]]
ID: 4, Position: [[1662.5792102696628, 532.2989422043927], [1697.9239171346583, 597.8220492426937]]
