ID: 1, Position: [[1133.4486775662044, 565.6167970134325], [1169.637671179837, 623.2795614193353]]
ID: 2, Position: [[1661.678881787152, 517.0811553697565], [1726.372022549606, 680.9961306668511]]
ID: 3, Position: [[1451.734230017095, 510.6904796527547], [1538.1414194384872, 698.9173553930088]]
